{
 "cells": [
  {
   "cell_type": "code",
   "execution_count": 35,
   "metadata": {
    "collapsed": true
   },
   "outputs": [],
   "source": [
    "import pandas as pd\n",
    "import matplotlib.pyplot as plt\n",
    "import numpy as np\n",
    "import seaborn as sb\n",
    "%matplotlib inline"
   ]
  },
  {
   "cell_type": "code",
   "execution_count": 36,
   "metadata": {},
   "outputs": [],
   "source": [
    "origins = [\"DR_Congo\", \"Afghanistan\", \"Syria\", \"Myanmar\", \"Sudan\"]\n",
    "destinations = [\"USA\", \"UK\", \"France\", \"Canada\", \"Italy\", \"Germany\"]\n",
    "\n",
    "features = ['destination',\n",
    " 'Origin',\n",
    " 'applied',\n",
    " 'accepted',\n",
    " 'Rejected',\n",
    " 'decisions',\n",
    " 'Year',\n",
    " 'Month',\n",
    " 'Value',\n",
    " 'deaths',\n",
    " 'last_month',\n",
    " 'two_months_ago',\n",
    " 'next_month',\n",
    " 'two_months_later']\n",
    "\n",
    "pairs = []\n",
    "for origin in origins:\n",
    "    for destination in destinations:\n",
    "        pairs.append((origin, destination))"
   ]
  },
  {
   "cell_type": "code",
   "execution_count": 37,
   "metadata": {},
   "outputs": [
    {
     "data": {
      "text/plain": [
       "[('DR_Congo', 'USA'),\n",
       " ('DR_Congo', 'UK'),\n",
       " ('DR_Congo', 'France'),\n",
       " ('DR_Congo', 'Canada'),\n",
       " ('DR_Congo', 'Italy'),\n",
       " ('DR_Congo', 'Germany'),\n",
       " ('Afghanistan', 'USA'),\n",
       " ('Afghanistan', 'UK'),\n",
       " ('Afghanistan', 'France'),\n",
       " ('Afghanistan', 'Canada'),\n",
       " ('Afghanistan', 'Italy'),\n",
       " ('Afghanistan', 'Germany'),\n",
       " ('Syria', 'USA'),\n",
       " ('Syria', 'UK'),\n",
       " ('Syria', 'France'),\n",
       " ('Syria', 'Canada'),\n",
       " ('Syria', 'Italy'),\n",
       " ('Syria', 'Germany'),\n",
       " ('Myanmar', 'USA'),\n",
       " ('Myanmar', 'UK'),\n",
       " ('Myanmar', 'France'),\n",
       " ('Myanmar', 'Canada'),\n",
       " ('Myanmar', 'Italy'),\n",
       " ('Myanmar', 'Germany'),\n",
       " ('Sudan', 'USA'),\n",
       " ('Sudan', 'UK'),\n",
       " ('Sudan', 'France'),\n",
       " ('Sudan', 'Canada'),\n",
       " ('Sudan', 'Italy'),\n",
       " ('Sudan', 'Germany')]"
      ]
     },
     "execution_count": 37,
     "metadata": {},
     "output_type": "execute_result"
    }
   ],
   "source": [
    "pairs"
   ]
  },
  {
   "cell_type": "markdown",
   "metadata": {},
   "source": [
    "### Read into data"
   ]
  },
  {
   "cell_type": "code",
   "execution_count": 38,
   "metadata": {},
   "outputs": [],
   "source": [
    "groups = {}\n",
    "for pair in pairs:\n",
    "    groups[pair] = pd.read_csv('./data/grouped_' + str(pair) + '.csv', skipinitialspace=True)\n",
    "    groups[pair] = groups[pair][features]\n",
    "    for feature in ['decisions', 'applied', 'accepted', 'Rejected']:\n",
    "        groups[pair][feature] /= 100"
   ]
  },
  {
   "cell_type": "code",
   "execution_count": 42,
   "metadata": {},
   "outputs": [
    {
     "name": "stdout",
     "output_type": "stream",
     "text": [
      "('DR_Congo', 'USA')\n",
      "                   applied  accepted  Rejected  decisions      Year     Value  \\\n",
      "applied           1.000000  0.772745  0.676544   0.764271 -0.031325  0.491889   \n",
      "accepted          0.772745  1.000000  0.871849   0.969093 -0.587935  0.128498   \n",
      "Rejected          0.676544  0.871849  1.000000   0.951859 -0.632759 -0.002433   \n",
      "decisions         0.764271  0.969093  0.951859   1.000000 -0.618598  0.075322   \n",
      "Year             -0.031325 -0.587935 -0.632759  -0.618598  1.000000  0.380203   \n",
      "Value             0.491889  0.128498 -0.002433   0.075322  0.380203  1.000000   \n",
      "deaths            0.412048  0.388350  0.317086   0.318918 -0.031826  0.151367   \n",
      "last_month        0.496289  0.135371 -0.000574   0.080981  0.370884  0.779716   \n",
      "two_months_ago    0.505001  0.149934  0.007274   0.092898  0.355661  0.671996   \n",
      "next_month        0.471826  0.104818 -0.030274   0.050659  0.385104  0.779389   \n",
      "two_months_later  0.454003  0.078735 -0.056443   0.025204  0.398414  0.670854   \n",
      "\n",
      "                    deaths  last_month  two_months_ago  next_month  \\\n",
      "applied           0.412048    0.496289        0.505001    0.471826   \n",
      "accepted          0.388350    0.135371        0.149934    0.104818   \n",
      "Rejected          0.317086   -0.000574        0.007274   -0.030274   \n",
      "decisions         0.318918    0.080981        0.092898    0.050659   \n",
      "Year             -0.031826    0.370884        0.355661    0.385104   \n",
      "Value             0.151367    0.779716        0.671996    0.779389   \n",
      "deaths            1.000000    0.141359        0.148990    0.127231   \n",
      "last_month        0.141359    1.000000        0.779835    0.670450   \n",
      "two_months_ago    0.148990    0.779835        1.000000    0.560757   \n",
      "next_month        0.127231    0.670450        0.560757    1.000000   \n",
      "two_months_later  0.098874    0.555379        0.544445    0.779112   \n",
      "\n",
      "                  two_months_later  \n",
      "applied                   0.454003  \n",
      "accepted                  0.078735  \n",
      "Rejected                 -0.056443  \n",
      "decisions                 0.025204  \n",
      "Year                      0.398414  \n",
      "Value                     0.670854  \n",
      "deaths                    0.098874  \n",
      "last_month                0.555379  \n",
      "two_months_ago            0.544445  \n",
      "next_month                0.779112  \n",
      "two_months_later          1.000000   \n",
      "\n",
      "('DR_Congo', 'UK')\n",
      "                   applied  accepted  Rejected  decisions      Year     Value  \\\n",
      "applied           1.000000  0.943853  0.960182   0.982897 -0.752408  0.959813   \n",
      "accepted          0.943853  1.000000  0.965639   0.926019 -0.628673  0.939672   \n",
      "Rejected          0.960182  0.965639  1.000000   0.967494 -0.744652  0.938515   \n",
      "decisions         0.982897  0.926019  0.967494   1.000000 -0.826777  0.937784   \n",
      "Year             -0.752408 -0.628673 -0.744652  -0.826777  1.000000 -0.693015   \n",
      "Value             0.959813  0.939672  0.938515   0.937784 -0.693015  1.000000   \n",
      "deaths            0.114750  0.033792  0.009550   0.105603 -0.057269  0.122992   \n",
      "last_month        0.907341  0.886492  0.899545   0.896537 -0.680100  0.923271   \n",
      "two_months_ago    0.858108  0.837180  0.860961   0.860180 -0.672293  0.866172   \n",
      "next_month        0.935314  0.900435  0.912532   0.914903 -0.691731  0.923180   \n",
      "two_months_later  0.911319  0.864594  0.887350   0.894205 -0.691050  0.865612   \n",
      "\n",
      "                    deaths  last_month  two_months_ago  next_month  \\\n",
      "applied           0.114750    0.907341        0.858108    0.935314   \n",
      "accepted          0.033792    0.886492        0.837180    0.900435   \n",
      "Rejected          0.009550    0.899545        0.860961    0.912532   \n",
      "decisions         0.105603    0.896537        0.860180    0.914903   \n",
      "Year             -0.057269   -0.680100       -0.672293   -0.691731   \n",
      "Value             0.122992    0.923271        0.866172    0.923180   \n",
      "deaths            1.000000    0.091834        0.070373    0.105026   \n",
      "last_month        0.091834    1.000000        0.922455    0.865633   \n",
      "two_months_ago    0.070373    0.922455        1.000000    0.831512   \n",
      "next_month        0.105026    0.865633        0.831512    1.000000   \n",
      "two_months_later  0.093164    0.832558        0.791017    0.923418   \n",
      "\n",
      "                  two_months_later  \n",
      "applied                   0.911319  \n",
      "accepted                  0.864594  \n",
      "Rejected                  0.887350  \n",
      "decisions                 0.894205  \n",
      "Year                     -0.691050  \n",
      "Value                     0.865612  \n",
      "deaths                    0.093164  \n",
      "last_month                0.832558  \n",
      "two_months_ago            0.791017  \n",
      "next_month                0.923418  \n",
      "two_months_later          1.000000   \n",
      "\n",
      "('DR_Congo', 'France')\n",
      "                   applied  accepted  Rejected  decisions      Year     Value  \\\n",
      "applied           1.000000  0.536791  0.921009   0.912314  0.386180  0.729853   \n",
      "accepted          0.536791  1.000000  0.533082   0.597107 -0.029746  0.324394   \n",
      "Rejected          0.921009  0.533082  1.000000   0.994589  0.543500  0.614401   \n",
      "decisions         0.912314  0.597107  0.994589   1.000000  0.538111  0.591029   \n",
      "Year              0.386180 -0.029746  0.543500   0.538111  1.000000  0.230582   \n",
      "Value             0.729853  0.324394  0.614401   0.591029  0.230582  1.000000   \n",
      "deaths            0.024600 -0.042695 -0.193396  -0.187364 -0.052987  0.146292   \n",
      "last_month        0.716792  0.292105  0.608876   0.584171  0.233908  0.823994   \n",
      "two_months_ago    0.713410  0.260432  0.604192   0.577690  0.241948  0.771114   \n",
      "next_month        0.706573  0.318327  0.603072   0.579453  0.236749  0.823743   \n",
      "two_months_later  0.665471  0.284204  0.568273   0.542948  0.230587  0.772216   \n",
      "\n",
      "                    deaths  last_month  two_months_ago  next_month  \\\n",
      "applied           0.024600    0.716792        0.713410    0.706573   \n",
      "accepted         -0.042695    0.292105        0.260432    0.318327   \n",
      "Rejected         -0.193396    0.608876        0.604192    0.603072   \n",
      "decisions        -0.187364    0.584171        0.577690    0.579453   \n",
      "Year             -0.052987    0.233908        0.241948    0.236749   \n",
      "Value             0.146292    0.823994        0.771114    0.823743   \n",
      "deaths            1.000000    0.123247        0.130476    0.135121   \n",
      "last_month        0.123247    1.000000        0.825499    0.770778   \n",
      "two_months_ago    0.130476    0.825499        1.000000    0.710227   \n",
      "next_month        0.135121    0.770778        0.710227    1.000000   \n",
      "two_months_later  0.142467    0.706371        0.667128    0.823860   \n",
      "\n",
      "                  two_months_later  \n",
      "applied                   0.665471  \n",
      "accepted                  0.284204  \n",
      "Rejected                  0.568273  \n",
      "decisions                 0.542948  \n",
      "Year                      0.230587  \n",
      "Value                     0.772216  \n",
      "deaths                    0.142467  \n",
      "last_month                0.706371  \n",
      "two_months_ago            0.667128  \n",
      "next_month                0.823860  \n",
      "two_months_later          1.000000   \n",
      "\n",
      "('DR_Congo', 'Canada')\n",
      "                   applied  accepted  Rejected  decisions      Year     Value  \\\n",
      "applied           1.000000  0.849251  0.358301   0.807147 -0.683439  0.852021   \n",
      "accepted          0.849251  1.000000  0.466038   0.969735 -0.805808  0.723635   \n",
      "Rejected          0.358301  0.466038  1.000000   0.663620 -0.075026  0.248606   \n",
      "decisions         0.807147  0.969735  0.663620   1.000000 -0.701767  0.673150   \n",
      "Year             -0.683439 -0.805808 -0.075026  -0.701767  1.000000 -0.578774   \n",
      "Value             0.852021  0.723635  0.248606   0.673150 -0.578774  1.000000   \n",
      "deaths            0.124762  0.227287  0.183929   0.247686 -0.057269  0.139216   \n",
      "last_month        0.861074  0.728483  0.248910   0.678864 -0.599813  0.824983   \n",
      "two_months_ago    0.839826  0.741265  0.278289   0.699294 -0.627406  0.759366   \n",
      "next_month        0.837629  0.703079  0.223618   0.647016 -0.553134  0.824550   \n",
      "two_months_later  0.815042  0.686311  0.222627   0.632243 -0.525848  0.755911   \n",
      "\n",
      "                    deaths  last_month  two_months_ago  next_month  \\\n",
      "applied           0.124762    0.861074        0.839826    0.837629   \n",
      "accepted          0.227287    0.728483        0.741265    0.703079   \n",
      "Rejected          0.183929    0.248910        0.278289    0.223618   \n",
      "decisions         0.247686    0.678864        0.699294    0.647016   \n",
      "Year             -0.057269   -0.599813       -0.627406   -0.553134   \n",
      "Value             0.139216    0.824983        0.759366    0.824550   \n",
      "deaths            1.000000    0.121573        0.142414    0.124292   \n",
      "last_month        0.121573    1.000000        0.824751    0.756546   \n",
      "two_months_ago    0.142414    0.824751        1.000000    0.699128   \n",
      "next_month        0.124292    0.756546        0.699128    1.000000   \n",
      "two_months_later  0.148764    0.696403        0.589743    0.823128   \n",
      "\n",
      "                  two_months_later  \n",
      "applied                   0.815042  \n",
      "accepted                  0.686311  \n",
      "Rejected                  0.222627  \n",
      "decisions                 0.632243  \n",
      "Year                     -0.525848  \n",
      "Value                     0.755911  \n",
      "deaths                    0.148764  \n",
      "last_month                0.696403  \n",
      "two_months_ago            0.589743  \n",
      "next_month                0.823128  \n",
      "two_months_later          1.000000   \n",
      "\n",
      "('DR_Congo', 'Italy')\n",
      "                   applied  accepted  Rejected  decisions      Year     Value  \\\n",
      "applied           1.000000  0.395332  0.376700   0.786050  0.672426  0.432061   \n",
      "accepted          0.395332  1.000000 -0.274218   0.635020  0.563738  0.135163   \n",
      "Rejected          0.376700 -0.274218  1.000000   0.003739 -0.173320  0.142274   \n",
      "decisions         0.786050  0.635020  0.003739   1.000000  0.918582  0.336484   \n",
      "Year              0.672426  0.563738 -0.173320   0.918582  1.000000  0.263396   \n",
      "Value             0.432061  0.135163  0.142274   0.336484  0.263396  1.000000   \n",
      "deaths           -0.334344 -0.147821 -0.653007  -0.063381  0.105829 -0.126131   \n",
      "last_month        0.421204  0.151756  0.171642   0.318488  0.233795  0.408927   \n",
      "two_months_ago    0.429459  0.158956  0.188350   0.342927  0.254654  0.258070   \n",
      "next_month        0.433021  0.106456  0.117648   0.336369  0.275880  0.432699   \n",
      "two_months_later  0.478379  0.116408  0.136615   0.348445  0.292889  0.239645   \n",
      "\n",
      "                    deaths  last_month  two_months_ago  next_month  \\\n",
      "applied          -0.334344    0.421204        0.429459    0.433021   \n",
      "accepted         -0.147821    0.151756        0.158956    0.106456   \n",
      "Rejected         -0.653007    0.171642        0.188350    0.117648   \n",
      "decisions        -0.063381    0.318488        0.342927    0.336369   \n",
      "Year              0.105829    0.233795        0.254654    0.275880   \n",
      "Value            -0.126131    0.408927        0.258070    0.432699   \n",
      "deaths            1.000000   -0.174850       -0.144895   -0.101520   \n",
      "last_month       -0.174850    1.000000        0.427044    0.236857   \n",
      "two_months_ago   -0.144895    0.427044        1.000000    0.138599   \n",
      "next_month       -0.101520    0.236857        0.138599    1.000000   \n",
      "two_months_later -0.109584    0.142579        0.040894    0.440534   \n",
      "\n",
      "                  two_months_later  \n",
      "applied                   0.478379  \n",
      "accepted                  0.116408  \n",
      "Rejected                  0.136615  \n",
      "decisions                 0.348445  \n",
      "Year                      0.292889  \n",
      "Value                     0.239645  \n",
      "deaths                   -0.109584  \n",
      "last_month                0.142579  \n",
      "two_months_ago            0.040894  \n",
      "next_month                0.440534  \n",
      "two_months_later          1.000000   \n",
      "\n",
      "('DR_Congo', 'Germany')\n",
      "                   applied  accepted  Rejected  decisions      Year     Value  \\\n",
      "applied           1.000000  0.485679  0.893791   0.883866 -0.772426  0.880718   \n",
      "accepted          0.485679  1.000000  0.659524   0.725741 -0.120487  0.463415   \n",
      "Rejected          0.893791  0.659524  1.000000   0.989682 -0.560273  0.768255   \n",
      "decisions         0.883866  0.725741  0.989682   1.000000 -0.560540  0.745444   \n",
      "Year             -0.772426 -0.120487 -0.560273  -0.560540  1.000000 -0.625061   \n",
      "Value             0.880718  0.463415  0.768255   0.745444 -0.625061  1.000000   \n",
      "deaths            0.296997  0.402267  0.428653   0.456071 -0.057269  0.230457   \n",
      "last_month        0.878713  0.443726  0.773835   0.746869 -0.632905  0.885447   \n",
      "two_months_ago    0.852495  0.417311  0.757382   0.731828 -0.635239  0.844859   \n",
      "next_month        0.857819  0.483465  0.734406   0.721543 -0.610517  0.883753   \n",
      "two_months_later  0.842456  0.491537  0.713127   0.707783 -0.602566  0.842041   \n",
      "\n",
      "                    deaths  last_month  two_months_ago  next_month  \\\n",
      "applied           0.296997    0.878713        0.852495    0.857819   \n",
      "accepted          0.402267    0.443726        0.417311    0.483465   \n",
      "Rejected          0.428653    0.773835        0.757382    0.734406   \n",
      "decisions         0.456071    0.746869        0.731828    0.721543   \n",
      "Year             -0.057269   -0.632905       -0.635239   -0.610517   \n",
      "Value             0.230457    0.885447        0.844859    0.883753   \n",
      "deaths            1.000000    0.225634        0.209867    0.216141   \n",
      "last_month        0.225634    1.000000        0.887365    0.842685   \n",
      "two_months_ago    0.209867    0.887365        1.000000    0.805360   \n",
      "next_month        0.216141    0.842685        0.805360    1.000000   \n",
      "two_months_later  0.199188    0.804202        0.775911    0.883142   \n",
      "\n",
      "                  two_months_later  \n",
      "applied                   0.842456  \n",
      "accepted                  0.491537  \n",
      "Rejected                  0.713127  \n",
      "decisions                 0.707783  \n",
      "Year                     -0.602566  \n",
      "Value                     0.842041  \n",
      "deaths                    0.199188  \n",
      "last_month                0.804202  \n",
      "two_months_ago            0.775911  \n",
      "next_month                0.883142  \n",
      "two_months_later          1.000000   \n",
      "\n",
      "('Afghanistan', 'USA')\n",
      "                   applied  accepted  Rejected  decisions      Year     Value  \\\n",
      "applied           1.000000  0.930383  0.545535   0.902373 -0.238390  0.623938   \n",
      "accepted          0.930383  1.000000  0.584949   0.951904 -0.420246  0.529772   \n",
      "Rejected          0.545535  0.584949  1.000000   0.788311 -0.676851  0.054034   \n",
      "decisions         0.902373  0.951904  0.788311   1.000000 -0.549667  0.426765   \n",
      "Year             -0.238390 -0.420246 -0.676851  -0.549667  1.000000  0.153654   \n",
      "Value             0.623938  0.529772  0.054034   0.426765  0.153654  1.000000   \n",
      "deaths            0.164695 -0.017835 -0.432778  -0.167515  0.839333  0.400515   \n",
      "last_month        0.622823  0.523285  0.059995   0.424271  0.153891  0.714302   \n",
      "two_months_ago    0.624115  0.516136  0.069744   0.423536  0.152950  0.674757   \n",
      "next_month        0.606953  0.519876  0.040543   0.412007  0.168174  0.713863   \n",
      "two_months_later  0.595732  0.514522  0.026345   0.400800  0.179824  0.673888   \n",
      "\n",
      "                    deaths  last_month  two_months_ago  next_month  \\\n",
      "applied           0.164695    0.622823        0.624115    0.606953   \n",
      "accepted         -0.017835    0.523285        0.516136    0.519876   \n",
      "Rejected         -0.432778    0.059995        0.069744    0.040543   \n",
      "decisions        -0.167515    0.424271        0.423536    0.412007   \n",
      "Year              0.839333    0.153891        0.152950    0.168174   \n",
      "Value             0.400515    0.714302        0.674757    0.713863   \n",
      "deaths            1.000000    0.397097        0.404008    0.409950   \n",
      "last_month        0.397097    1.000000        0.714858    0.674129   \n",
      "two_months_ago    0.404008    0.714858        1.000000    0.643429   \n",
      "next_month        0.409950    0.674129        0.643429    1.000000   \n",
      "two_months_later  0.411515    0.642910        0.577233    0.713852   \n",
      "\n",
      "                  two_months_later  \n",
      "applied                   0.595732  \n",
      "accepted                  0.514522  \n",
      "Rejected                  0.026345  \n",
      "decisions                 0.400800  \n",
      "Year                      0.179824  \n",
      "Value                     0.673888  \n",
      "deaths                    0.411515  \n",
      "last_month                0.642910  \n",
      "two_months_ago            0.577233  \n",
      "next_month                0.713852  \n",
      "two_months_later          1.000000   \n",
      "\n",
      "('Afghanistan', 'UK')\n",
      "                   applied  accepted  Rejected  decisions      Year     Value  \\\n",
      "applied           1.000000  0.619880 -0.137481   0.661602 -0.483049  0.911522   \n",
      "accepted          0.619880  1.000000 -0.093738   0.535453 -0.020063  0.486751   \n",
      "Rejected         -0.137481 -0.093738  1.000000   0.584499 -0.407746 -0.017322   \n",
      "decisions         0.661602  0.535453  0.584499   1.000000 -0.648776  0.686012   \n",
      "Year             -0.483049 -0.020063 -0.407746  -0.648776  1.000000 -0.563687   \n",
      "Value             0.911522  0.486751 -0.017322   0.686012 -0.563687  1.000000   \n",
      "deaths           -0.120839  0.270353 -0.520737  -0.506075  0.861975 -0.265249   \n",
      "last_month        0.899066  0.471553  0.023123   0.706276 -0.554468  0.936966   \n",
      "two_months_ago    0.882393  0.462666  0.067583   0.727232 -0.551911  0.916103   \n",
      "next_month        0.920639  0.520872 -0.066141   0.664402 -0.561322  0.936656   \n",
      "two_months_later  0.911557  0.543197 -0.106733   0.632872 -0.545480  0.916198   \n",
      "\n",
      "                    deaths  last_month  two_months_ago  next_month  \\\n",
      "applied          -0.120839    0.899066        0.882393    0.920639   \n",
      "accepted          0.270353    0.471553        0.462666    0.520872   \n",
      "Rejected         -0.520737    0.023123        0.067583   -0.066141   \n",
      "decisions        -0.506075    0.706276        0.727232    0.664402   \n",
      "Year              0.861975   -0.554468       -0.551911   -0.561322   \n",
      "Value            -0.265249    0.936966        0.916103    0.936656   \n",
      "deaths            1.000000   -0.274394       -0.288645   -0.242471   \n",
      "last_month       -0.274394    1.000000        0.936789    0.916171   \n",
      "two_months_ago   -0.288645    0.936789        1.000000    0.898344   \n",
      "next_month       -0.242471    0.916171        0.898344    1.000000   \n",
      "two_months_later -0.212560    0.898365        0.854565    0.936563   \n",
      "\n",
      "                  two_months_later  \n",
      "applied                   0.911557  \n",
      "accepted                  0.543197  \n",
      "Rejected                 -0.106733  \n",
      "decisions                 0.632872  \n",
      "Year                     -0.545480  \n",
      "Value                     0.916198  \n",
      "deaths                   -0.212560  \n",
      "last_month                0.898365  \n",
      "two_months_ago            0.854565  \n",
      "next_month                0.936563  \n",
      "two_months_later          1.000000   \n",
      "\n",
      "('Afghanistan', 'France')\n",
      "                   applied  accepted  Rejected  decisions      Year     Value  \\\n",
      "applied           1.000000  0.962280  0.919201   0.963169  0.673946  0.927572   \n",
      "accepted          0.962280  1.000000  0.893596   0.939040  0.670287  0.889650   \n",
      "Rejected          0.919201  0.893596  1.000000   0.966182  0.650125  0.836991   \n",
      "decisions         0.963169  0.939040  0.966182   1.000000  0.624954  0.879242   \n",
      "Year              0.673946  0.670287  0.650125   0.624954  1.000000  0.616506   \n",
      "Value             0.927572  0.889650  0.836991   0.879242  0.616506  1.000000   \n",
      "deaths            0.803709  0.792402  0.654018   0.711057  0.860553  0.751272   \n",
      "last_month        0.902331  0.886985  0.818183   0.859817  0.552904  0.907565   \n",
      "two_months_ago    0.871855  0.865935  0.794356   0.838056  0.502742  0.855498   \n",
      "next_month        0.889752  0.846813  0.782619   0.825643  0.609764  0.907562   \n",
      "two_months_later  0.857223  0.810413  0.735250   0.779545  0.604091  0.855475   \n",
      "\n",
      "                    deaths  last_month  two_months_ago  next_month  \\\n",
      "applied           0.803709    0.902331        0.871855    0.889752   \n",
      "accepted          0.792402    0.886985        0.865935    0.846813   \n",
      "Rejected          0.654018    0.818183        0.794356    0.782619   \n",
      "decisions         0.711057    0.859817        0.838056    0.825643   \n",
      "Year              0.860553    0.552904        0.502742    0.609764   \n",
      "Value             0.751272    0.907565        0.855498    0.907562   \n",
      "deaths            1.000000    0.696869        0.657896    0.749367   \n",
      "last_month        0.696869    1.000000        0.907574    0.855495   \n",
      "two_months_ago    0.657896    0.907574        1.000000    0.802126   \n",
      "next_month        0.749367    0.855495        0.802126    1.000000   \n",
      "two_months_later  0.747472    0.802082        0.757159    0.907558   \n",
      "\n",
      "                  two_months_later  \n",
      "applied                   0.857223  \n",
      "accepted                  0.810413  \n",
      "Rejected                  0.735250  \n",
      "decisions                 0.779545  \n",
      "Year                      0.604091  \n",
      "Value                     0.855475  \n",
      "deaths                    0.747472  \n",
      "last_month                0.802082  \n",
      "two_months_ago            0.757159  \n",
      "next_month                0.907558  \n",
      "two_months_later          1.000000   \n",
      "\n",
      "('Afghanistan', 'Canada')\n",
      "                   applied  accepted  Rejected  decisions      Year     Value  \\\n",
      "applied           1.000000  0.613910  0.371184   0.721058  0.590187  0.719475   \n",
      "accepted          0.613910  1.000000  0.489002   0.940727  0.394074  0.531151   \n",
      "Rejected          0.371184  0.489002  1.000000   0.657770  0.730024  0.351580   \n",
      "decisions         0.721058  0.940727  0.657770   1.000000  0.573430  0.589240   \n",
      "Year              0.590187  0.394074  0.730024   0.573430  1.000000  0.498103   \n",
      "Value             0.719475  0.531151  0.351580   0.589240  0.498103  1.000000   \n",
      "deaths            0.812483  0.548272  0.662740   0.691554  0.861975  0.639166   \n",
      "last_month        0.734144  0.565265  0.351372   0.611703  0.480359  0.681942   \n",
      "two_months_ago    0.741568  0.577202  0.348625   0.623534  0.461779  0.596464   \n",
      "next_month        0.692081  0.523664  0.342349   0.571210  0.490955  0.686398   \n",
      "two_months_later  0.674032  0.515857  0.346377   0.561055  0.496993  0.607499   \n",
      "\n",
      "                    deaths  last_month  two_months_ago  next_month  \\\n",
      "applied           0.812483    0.734144        0.741568    0.692081   \n",
      "accepted          0.548272    0.565265        0.577202    0.523664   \n",
      "Rejected          0.662740    0.351372        0.348625    0.342349   \n",
      "decisions         0.691554    0.611703        0.623534    0.571210   \n",
      "Year              0.861975    0.480359        0.461779    0.490955   \n",
      "Value             0.639166    0.681942        0.596464    0.686398   \n",
      "deaths            1.000000    0.635707        0.623676    0.627923   \n",
      "last_month        0.635707    1.000000        0.682134    0.598281   \n",
      "two_months_ago    0.623676    0.682134        1.000000    0.545263   \n",
      "next_month        0.627923    0.598281        0.545263    1.000000   \n",
      "two_months_later  0.634022    0.549868        0.476548    0.688386   \n",
      "\n",
      "                  two_months_later  \n",
      "applied                   0.674032  \n",
      "accepted                  0.515857  \n",
      "Rejected                  0.346377  \n",
      "decisions                 0.561055  \n",
      "Year                      0.496993  \n",
      "Value                     0.607499  \n",
      "deaths                    0.634022  \n",
      "last_month                0.549868  \n",
      "two_months_ago            0.476548  \n",
      "next_month                0.688386  \n",
      "two_months_later          1.000000   \n",
      "\n",
      "('Afghanistan', 'Italy')\n",
      "                   applied  accepted  Rejected  decisions      Year     Value  \\\n",
      "applied           1.000000  0.493220 -0.120042   0.825059  0.551046  0.792056   \n",
      "accepted          0.493220  1.000000 -0.355803   0.842926  0.842399  0.382212   \n",
      "Rejected         -0.120042 -0.355803  1.000000  -0.185421 -0.445984 -0.038296   \n",
      "decisions         0.825059  0.842926 -0.185421   1.000000  0.743198  0.654246   \n",
      "Year              0.551046  0.842399 -0.445984   0.743198  1.000000  0.413903   \n",
      "Value             0.792056  0.382212 -0.038296   0.654246  0.413903  1.000000   \n",
      "deaths            0.588678  0.821984 -0.321144   0.817398  0.899297  0.451875   \n",
      "last_month        0.790819  0.425184 -0.052472   0.697861  0.438927  0.861862   \n",
      "two_months_ago    0.787054  0.464736 -0.053595   0.728280  0.448437  0.766969   \n",
      "next_month        0.803219  0.328159 -0.050666   0.594621  0.394194  0.863873   \n",
      "two_months_later  0.796919  0.274295 -0.071751   0.536308  0.372217  0.770837   \n",
      "\n",
      "                    deaths  last_month  two_months_ago  next_month  \\\n",
      "applied           0.588678    0.790819        0.787054    0.803219   \n",
      "accepted          0.821984    0.425184        0.464736    0.328159   \n",
      "Rejected         -0.321144   -0.052472       -0.053595   -0.050666   \n",
      "decisions         0.817398    0.697861        0.728280    0.594621   \n",
      "Year              0.899297    0.438927        0.448437    0.394194   \n",
      "Value             0.451875    0.861862        0.766969    0.863873   \n",
      "deaths            1.000000    0.484246        0.505633    0.432068   \n",
      "last_month        0.484246    1.000000        0.856841    0.767478   \n",
      "two_months_ago    0.505633    0.856841        1.000000    0.696072   \n",
      "next_month        0.432068    0.767478        0.696072    1.000000   \n",
      "two_months_later  0.391414    0.698667        0.671443    0.863319   \n",
      "\n",
      "                  two_months_later  \n",
      "applied                   0.796919  \n",
      "accepted                  0.274295  \n",
      "Rejected                 -0.071751  \n",
      "decisions                 0.536308  \n",
      "Year                      0.372217  \n",
      "Value                     0.770837  \n",
      "deaths                    0.391414  \n",
      "last_month                0.698667  \n",
      "two_months_ago            0.671443  \n",
      "next_month                0.863319  \n",
      "two_months_later          1.000000   \n",
      "\n",
      "('Afghanistan', 'Germany')\n",
      "                   applied  accepted  Rejected  decisions      Year     Value  \\\n",
      "applied           1.000000  0.614533  0.394405   0.495166  0.463691  0.866974   \n",
      "accepted          0.614533  1.000000  0.907299   0.952878  0.500902  0.512852   \n",
      "Rejected          0.394405  0.907299  1.000000   0.990587  0.500526  0.327680   \n",
      "decisions         0.495166  0.952878  0.990587   1.000000  0.531050  0.414451   \n",
      "Year              0.463691  0.500902  0.500526   0.531050  1.000000  0.420520   \n",
      "Value             0.866974  0.512852  0.327680   0.414451  0.420520  1.000000   \n",
      "deaths            0.613808  0.686032  0.605346   0.659784  0.861975  0.529279   \n",
      "last_month        0.879769  0.528086  0.341806   0.429004  0.419694  0.940063   \n",
      "two_months_ago    0.890431  0.548063  0.362280   0.449310  0.418259  0.837728   \n",
      "next_month        0.836324  0.485895  0.304895   0.389864  0.417721  0.940061   \n",
      "two_months_later  0.790860  0.447750  0.274030   0.356099  0.414255  0.837721   \n",
      "\n",
      "                    deaths  last_month  two_months_ago  next_month  \\\n",
      "applied           0.613808    0.879769        0.890431    0.836324   \n",
      "accepted          0.686032    0.528086        0.548063    0.485895   \n",
      "Rejected          0.605346    0.341806        0.362280    0.304895   \n",
      "decisions         0.659784    0.429004        0.449310    0.389864   \n",
      "Year              0.861975    0.419694        0.418259    0.417721   \n",
      "Value             0.529279    0.940063        0.837728    0.940061   \n",
      "deaths            1.000000    0.527835        0.524849    0.528652   \n",
      "last_month        0.527835    1.000000        0.940065    0.837725   \n",
      "two_months_ago    0.524849    0.940065        1.000000    0.723671   \n",
      "next_month        0.528652    0.837725        0.723671    1.000000   \n",
      "two_months_later  0.528964    0.723669        0.622526    0.940060   \n",
      "\n",
      "                  two_months_later  \n",
      "applied                   0.790860  \n",
      "accepted                  0.447750  \n",
      "Rejected                  0.274030  \n",
      "decisions                 0.356099  \n",
      "Year                      0.414255  \n",
      "Value                     0.837721  \n",
      "deaths                    0.528964  \n",
      "last_month                0.723669  \n",
      "two_months_ago            0.622526  \n",
      "next_month                0.940060  \n",
      "two_months_later          1.000000   \n",
      "\n",
      "('Syria', 'USA')\n",
      "                   applied  accepted  Rejected  decisions      Year     Value  \\\n",
      "applied           1.000000  0.806240 -0.036552   0.792938  0.413419  0.509550   \n",
      "accepted          0.806240  1.000000  0.278952   0.997696  0.793173  0.420886   \n",
      "Rejected         -0.036552  0.278952  1.000000   0.313077  0.220109 -0.003828   \n",
      "decisions         0.792938  0.997696  0.313077   1.000000  0.791549  0.414367   \n",
      "Year              0.413419  0.793173  0.220109   0.791549  1.000000  0.222590   \n",
      "Value             0.509550  0.420886 -0.003828   0.414367  0.222590  1.000000   \n",
      "deaths            0.930202  0.927086  0.017410   0.920035  0.605771  0.477051   \n",
      "last_month        0.507625  0.419697 -0.000824   0.413224  0.221364  0.799272   \n",
      "two_months_ago    0.505025  0.420175  0.004245   0.413694  0.222248  0.724300   \n",
      "next_month        0.500321  0.397038 -0.022180   0.390043  0.204042  0.799285   \n",
      "two_months_later  0.485989  0.376716 -0.049018   0.368902  0.190678  0.724184   \n",
      "\n",
      "                    deaths  last_month  two_months_ago  next_month  \\\n",
      "applied           0.930202    0.507625        0.505025    0.500321   \n",
      "accepted          0.927086    0.419697        0.420175    0.397038   \n",
      "Rejected          0.017410   -0.000824        0.004245   -0.022180   \n",
      "decisions         0.920035    0.413224        0.413694    0.390043   \n",
      "Year              0.605771    0.221364        0.222248    0.204042   \n",
      "Value             0.477051    0.799272        0.724300    0.799285   \n",
      "deaths            1.000000    0.475334        0.473940    0.462010   \n",
      "last_month        0.475334    1.000000        0.799221    0.724215   \n",
      "two_months_ago    0.473940    0.799221        1.000000    0.562327   \n",
      "next_month        0.462010    0.724215        0.562327    1.000000   \n",
      "two_months_later  0.449173    0.562145        0.449379    0.799187   \n",
      "\n",
      "                  two_months_later  \n",
      "applied                   0.485989  \n",
      "accepted                  0.376716  \n",
      "Rejected                 -0.049018  \n",
      "decisions                 0.368902  \n",
      "Year                      0.190678  \n",
      "Value                     0.724184  \n",
      "deaths                    0.449173  \n",
      "last_month                0.562145  \n",
      "two_months_ago            0.449379  \n",
      "next_month                0.799187  \n",
      "two_months_later          1.000000   \n",
      "\n",
      "('Syria', 'UK')\n",
      "                   applied  accepted  Rejected  decisions      Year     Value  \\\n",
      "applied           1.000000  0.896957 -0.295236   0.893519  0.536148  0.786751   \n",
      "accepted          0.896957  1.000000 -0.278511   0.997942  0.739885  0.702999   \n",
      "Rejected         -0.295236 -0.278511  1.000000  -0.219925 -0.446141 -0.250149   \n",
      "decisions         0.893519  0.997942 -0.219925   1.000000  0.714344  0.699942   \n",
      "Year              0.536148  0.739885 -0.446141   0.714344  1.000000  0.400397   \n",
      "Value             0.786751  0.702999 -0.250149   0.699942  0.400397  1.000000   \n",
      "deaths            0.867974  0.886042 -0.635872   0.861003  0.661416  0.690885   \n",
      "last_month        0.797221  0.734851 -0.229177   0.733454  0.429394  0.824575   \n",
      "two_months_ago    0.785361  0.751122 -0.228011   0.750003  0.463407  0.721757   \n",
      "next_month        0.775260  0.670428 -0.272491   0.665169  0.387322  0.822573   \n",
      "two_months_later  0.776147  0.660033 -0.270606   0.654417  0.380625  0.716279   \n",
      "\n",
      "                    deaths  last_month  two_months_ago  next_month  \\\n",
      "applied           0.867974    0.797221        0.785361    0.775260   \n",
      "accepted          0.886042    0.734851        0.751122    0.670428   \n",
